2
126
1
2
3
4
5
6
7
8
9
10
11
12
13
14
15
16
17
18
19
20
21
22
23
24
25
26
27
28
29
30
31
32
33
34
35
36
37
38
39
40
41
42
43
44
45
46
47
48
49
50
51
52
53
54
55
56
57
58
59
60
61
62
63
64
65
66
67
68
69
70
71
72
73
74
75
76
77
78
79
80
81
82
83
84
85
86
87
88
89
90
91
92
93
94
95
96
97
98
99
100
101
102
103
104
105
106
107
108
109
110
111
112
113
114
115
116
117
118
119
120
121
122
123
124
125
126
132
1 2 1
2 3 1
3 4 1
4 5 1
5 6 1
6 7 1
7 8 1
8 9 1
9 10 1
10 11 1
11 12 1
12 13 1
13 14 1
14 15 1
15 16 1
16 17 1
17 18 1
18 19 1
19 20 1
20 21 1
21 22 1
22 23 1
24 25 1
25 26 1
26 27 1
27 28 1
28 29 1
29 15 1
16 30 1
30 31 1
31 32 1
32 45 1
45 44 1
44 46 1
9 33 1
33 34 1
34 27 1
27 35 1
35 36 1
36 37 1
37 38 1
38 39 1
39 40 1
40 41 1
41 42 1
42 43 1
78 77 1
77 76 1
76 75 1
75 74 1
74 73 1
73 72 1
72 71 1
71 70 1
70 69 1
69 68 1 
68 67 1
67 66 1
66 65 1
65 64 1
64 18 1
18 30 1 
47 48 1
48 49 1
49 33 1
33 50 1
50 11 1
11 51 1
51 52 1
52 53 1
53 54 1
54 55 1
55 56 1
56 57 1
57 58 1
58 59 1
59 60 1
60 61 1
61 62 1
62 63 1
9 52 1
52 79 1
79 80 1
80 44 1
44 81 1 
81 82 1
82 83 1
83 84 1
84 85 1
85 86 1
86 87 1
87 88 1
88 89 1
90 91 1
91 92 1
92 93 1
93 94 1
94 38 1
38 95 1
95 96 1
96 97 1
97 98 1
98 99 1
99 100 1
100 101 1
101 74 1
74 102 1
102 103 1
103 104 1
104 105 1
105 106 1
106 107 1
108 47 1
47 109 1
109 110 1
110 111 1
111 91 1
90 112 1
112 113 1
113 114 1
114 115 1
115 116 1
116 117 1
117 118 1
118 119 1
119 120 1
120 121 1
121 122 1
122 123 1
123 124 1
124 125 1
125 126 1